543.4293823242188 528.0
421.40130615234375 370.0
623.22216796875 626.0
508.0844421386719 527.0
426.45330810546875 423.0
487.67742919921875 457.0
418.66424560546875 425.0
638.5809936523438 649.0
615.243896484375 637.0
408.35833740234375 402.0
580.6923828125 577.0
413.0527648925781 392.0
476.83648681640625 452.0
492.29815673828125 459.0
449.4268798828125 452.0
534.674072265625 524.0
536.6712036132812 555.0
588.4055786132812 563.0
431.8368225097656 410.0
521.469482421875 536.0
475.725830078125 457.0
511.5451965332031 525.0
459.4731140136719 435.0
252.71206665039062 239.0
552.6195678710938 576.0
426.61767578125 445.0
