5.5783257484436035 4.0
54.83161163330078 56.0
6.473934650421143 12.0
4.709311485290527 4.0
0.563423752784729 1.0
49.347835540771484 54.0
17.386075973510742 25.0
3.2083654403686523 1.0
21.65932846069336 22.0
20.58690071105957 22.0
22.627239227294922 22.0
26.194000244140625 19.0
41.49275207519531 40.0
1.5064289569854736 10.0
44.21922302246094 45.0
60.71162796020508 58.0
62.41253662109375 58.0
69.47264099121094 97.0
3.043111801147461 1.0
53.067138671875 49.0
40.10163497924805 46.0
3.4371232986450195 2.0
32.17595672607422 43.0
59.19987869262695 49.0
40.55348205566406 39.0
45.079647064208984 52.0
4.054515361785889 5.0
23.968948364257812 19.0
41.79914855957031 41.0
59.120548248291016 103.0
10.723226547241211 12.0
2.5478391647338867 3.0
0.5546706318855286 2.0
49.285133361816406 52.0
56.75872039794922 51.0
18.318689346313477 11.0
11.92715835571289 11.0
11.122140884399414 13.0
22.691818237304688 20.0
23.34674835205078 20.0
24.147396087646484 36.0
23.000513076782227 21.0
25.126602172851562 22.0
1.6602274179458618 1.0
5.613776206970215 6.0
21.409177780151367 19.0
21.78953742980957 19.0
16.5782470703125 28.0
3.0617260932922363 1.0
80.68984985351562 78.0
60.942256927490234 50.0
20.451589584350586 21.0
3.6256165504455566 3.0
5.8971052169799805 7.0
7.060986518859863 1.0
39.82160568237305 92.0
52.50394821166992 54.0
67.44117736816406 67.0
12.459567070007324 13.0
3.878659248352051 1.0
53.21799850463867 51.0
42.884544372558594 39.0
24.101375579833984 19.0
25.932865142822266 18.0
70.17313385009766 68.0
23.85124397277832 18.0
44.89961242675781 44.0
22.012210845947266 21.0
70.4829330444336 70.0
71.68766784667969 61.0
19.1494140625 32.0
17.310497283935547 14.0
20.76204490661621 22.0
45.70805358886719 42.0
22.554359436035156 25.0
45.81968688964844 47.0
22.00836181640625 10.0
12.411613464355469 20.0
38.39619445800781 45.0
7.310705661773682 2.0
74.82705688476562 79.0
11.523509979248047 14.0
36.706138610839844 41.0
53.023345947265625 49.0
15.551043510437012 16.0
22.023284912109375 20.0
3.1159965991973877 2.0
41.23484420776367 42.0
4.996067047119141 3.0
73.58790588378906 74.0
11.340426445007324 2.0
0.3802589476108551 0.0
18.11178970336914 13.0
16.957073211669922 20.0
74.18109130859375 79.0
45.56494140625 50.0
72.56277465820312 69.0
33.359214782714844 39.0
5.202401161193848 2.0
70.86564636230469 68.0
24.180492401123047 42.0
27.75832176208496 48.0
21.746620178222656 21.0
12.712963104248047 13.0
70.5400619506836 70.0
67.62914276123047 71.0
25.981388092041016 44.0
18.641246795654297 22.0
5.303854465484619 5.0
50.071651458740234 49.0
7.5873799324035645 3.0
41.178611755371094 42.0
37.97554016113281 45.0
17.63277816772461 22.0
27.808197021484375 43.0
23.6806640625 39.0
4.68325138092041 3.0
75.7095718383789 77.0
16.510107040405273 18.0
11.63437557220459 13.0
78.53436279296875 81.0
7.761648178100586 10.0
66.88947296142578 103.0
77.91028594970703 80.0
80.7105712890625 81.0
72.15985107421875 107.0
70.48587799072266 69.0
77.21875 79.0
9.214714050292969 7.0
11.05839729309082 11.0
21.49465560913086 21.0
6.140471458435059 5.0
34.01536560058594 31.0
32.42878723144531 31.0
65.55912780761719 58.0
72.42813110351562 65.0
12.378179550170898 15.0
38.315513610839844 46.0
21.62455177307129 21.0
50.93793487548828 47.0
67.43785095214844 71.0
49.92341613769531 51.0
78.23661804199219 77.0
53.16865158081055 54.0
15.366616249084473 15.0
42.04114532470703 41.0
4.958313465118408 7.0
19.67220115661621 30.0
62.32448196411133 55.0
61.522010803222656 93.0
71.54446411132812 68.0
68.11729431152344 67.0
34.282413482666016 56.0
27.95028305053711 22.0
20.88921546936035 21.0
19.1683292388916 35.0
33.09484100341797 35.0
34.2402458190918 40.0
9.419851303100586 6.0
65.23225402832031 58.0
48.327510833740234 54.0
26.22347068786621 21.0
2.9178454875946045 3.0
4.3052659034729 2.0
15.476649284362793 8.0
1.7787163257598877 0.0
7.9280900955200195 6.0
52.23991394042969 52.0
81.04887390136719 79.0
5.248431205749512 2.0
22.856807708740234 27.0
62.130218505859375 71.0
20.647829055786133 21.0
23.474552154541016 22.0
30.219350814819336 26.0
