172.93258666992188 159.0
128.282958984375 126.0
145.50772094726562 154.0
126.65434265136719 132.0
119.38898468017578 124.0
111.57998657226562 112.0
117.26002502441406 119.0
140.6536865234375 139.0
162.31246948242188 167.0
128.3131561279297 135.0
154.6300506591797 160.0
116.7064437866211 122.0
121.89912414550781 118.0
179.47738647460938 176.0
163.77944946289062 169.0
123.54605865478516 127.0
136.4409637451172 134.0
117.17660522460938 121.0
120.0765609741211 122.0
131.46896362304688 128.0
162.27725219726562 154.0
111.41171264648438 108.0
161.9649200439453 155.0
162.56024169921875 167.0
130.3075714111328 130.0
118.83138275146484 115.0
164.790283203125 167.0
145.19740295410156 148.0
162.1410369873047 171.0
111.5418472290039 111.0
117.06556701660156 122.0
110.2244873046875 106.0
118.02229309082031 114.0
143.60528564453125 143.0
150.73019409179688 144.0
107.38070678710938 114.0
129.29991149902344 125.0
116.64608764648438 111.0
148.55099487304688 146.0
138.86512756347656 130.0
110.35354614257812 120.0
135.5696258544922 134.0
125.71485900878906 126.0
139.91546630859375 136.0
150.824462890625 153.0
165.93624877929688 167.0
137.83657836914062 133.0
118.78628540039062 116.0
113.30659484863281 106.0
116.84603881835938 120.0
152.4119873046875 161.0
121.56293487548828 129.0
152.98818969726562 150.0
134.77175903320312 130.0
106.6517105102539 110.0
123.4559555053711 127.0
130.10211181640625 126.0
144.83224487304688 134.0
155.48794555664062 144.0
115.0188980102539 114.0
103.21891784667969 111.0
124.31983947753906 134.0
131.78485107421875 128.0
163.32650756835938 158.0
118.80549621582031 110.0
152.88946533203125 153.0
148.05368041992188 149.0
162.1162109375 162.0
130.11288452148438 132.0
117.02940368652344 117.0
110.63737487792969 122.0
